PR : 0.00581184162731
MD : 0.0182857142857
VB : 0.00191892540177
RP : 0.107382550336
JJ : 0.00363058770138
NN : 0.00096344914795
CC : 0.00856531049251
PDT : 2.0
TO : 0.0101137800253
WDT : 0.0542372881356
EX : 0.155339805825
RB : 0.00599700149925
WP : 0.0521172638436
WRB : 0.0647773279352
IN : 0.00224026883226
DT : 0.00247639684259
